Permutation Number 0
30.0 ,-222.83776072383742 ,263.09105283262306 ,305.6972586362041
20.0 ,-16.75211715679723 ,53.28890073344633 ,84.19604759238419
90.0 ,-11.398470804790733 ,46.58616256287458 ,72.1225276154792
3.0 ,-13.532790881240306 ,43.46273861365371 ,69.98613261375961
28.0 ,-1.5988579688058076 ,52.3995212345095 ,72.44964139415757
Permutation Number 1
30.0 ,-222.83776072383742 ,263.09105283262306 ,305.6972586362041
20.0 ,-16.75211715679723 ,53.28890073344633 ,84.19604759238419
90.0 ,-11.398470804790733 ,46.58616256287458 ,72.1225276154792
28.0 ,-1.5988579688058076 ,52.3995212345095 ,72.44964139415757
3.0 ,-13.532790881240306 ,43.46273861365371 ,69.98613261375961
Permutation Number 2
30.0 ,-222.83776072383742 ,263.09105283262306 ,305.6972586362041
20.0 ,-16.75211715679723 ,53.28890073344633 ,84.19604759238419
3.0 ,-13.532790881240306 ,43.46273861365371 ,69.98613261375961
90.0 ,-11.398470804790733 ,46.58616256287458 ,72.1225276154792
28.0 ,-1.5988579688058076 ,52.3995212345095 ,72.44964139415757
Permutation Number 3
30.0 ,-222.83776072383742 ,263.09105283262306 ,305.6972586362041
20.0 ,-16.75211715679723 ,53.28890073344633 ,84.19604759238419
3.0 ,-13.532790881240306 ,43.46273861365371 ,69.98613261375961
28.0 ,-1.5988579688058076 ,52.3995212345095 ,72.44964139415757
90.0 ,-11.398470804790733 ,46.58616256287458 ,72.1225276154792
Permutation Number 4
30.0 ,-222.83776072383742 ,263.09105283262306 ,305.6972586362041
20.0 ,-16.75211715679723 ,53.28890073344633 ,84.19604759238419
28.0 ,-1.5988579688058076 ,52.3995212345095 ,72.44964139415757
90.0 ,-11.398470804790733 ,46.58616256287458 ,72.1225276154792
3.0 ,-13.532790881240306 ,43.46273861365371 ,69.98613261375961
Permutation Number 5
30.0 ,-222.83776072383742 ,263.09105283262306 ,305.6972586362041
20.0 ,-16.75211715679723 ,53.28890073344633 ,84.19604759238419
28.0 ,-1.5988579688058076 ,52.3995212345095 ,72.44964139415757
3.0 ,-13.532790881240306 ,43.46273861365371 ,69.98613261375961
90.0 ,-11.398470804790733 ,46.58616256287458 ,72.1225276154792
Permutation Number 6
30.0 ,-222.83776072383742 ,263.09105283262306 ,305.6972586362041
90.0 ,-11.398470804790733 ,46.58616256287458 ,72.1225276154792
20.0 ,-16.75211715679723 ,53.28890073344633 ,84.19604759238419
3.0 ,-13.532790881240306 ,43.46273861365371 ,69.98613261375961
28.0 ,-1.5988579688058076 ,52.3995212345095 ,72.44964139415757
Permutation Number 7
30.0 ,-222.83776072383742 ,263.09105283262306 ,305.6972586362041
90.0 ,-11.398470804790733 ,46.58616256287458 ,72.1225276154792
20.0 ,-16.75211715679723 ,53.28890073344633 ,84.19604759238419
28.0 ,-1.5988579688058076 ,52.3995212345095 ,72.44964139415757
3.0 ,-13.532790881240306 ,43.46273861365371 ,69.98613261375961
Permutation Number 8
30.0 ,-222.83776072383742 ,263.09105283262306 ,305.6972586362041
90.0 ,-11.398470804790733 ,46.58616256287458 ,72.1225276154792
3.0 ,-13.532790881240306 ,43.46273861365371 ,69.98613261375961
20.0 ,-16.75211715679723 ,53.28890073344633 ,84.19604759238419
28.0 ,-1.5988579688058076 ,52.3995212345095 ,72.44964139415757
Permutation Number 9
30.0 ,-222.83776072383742 ,263.09105283262306 ,305.6972586362041
90.0 ,-11.398470804790733 ,46.58616256287458 ,72.1225276154792
3.0 ,-13.532790881240306 ,43.46273861365371 ,69.98613261375961
28.0 ,-1.5988579688058076 ,52.3995212345095 ,72.44964139415757
20.0 ,-16.75211715679723 ,53.28890073344633 ,84.19604759238419
Permutation Number 10
30.0 ,-222.83776072383742 ,263.09105283262306 ,305.6972586362041
90.0 ,-11.398470804790733 ,46.58616256287458 ,72.1225276154792
28.0 ,-1.5988579688058076 ,52.3995212345095 ,72.44964139415757
20.0 ,-16.75211715679723 ,53.28890073344633 ,84.19604759238419
3.0 ,-13.532790881240306 ,43.46273861365371 ,69.98613261375961
Permutation Number 11
30.0 ,-222.83776072383742 ,263.09105283262306 ,305.6972586362041
90.0 ,-11.398470804790733 ,46.58616256287458 ,72.1225276154792
28.0 ,-1.5988579688058076 ,52.3995212345095 ,72.44964139415757
3.0 ,-13.532790881240306 ,43.46273861365371 ,69.98613261375961
20.0 ,-16.75211715679723 ,53.28890073344633 ,84.19604759238419
Permutation Number 12
30.0 ,-222.83776072383742 ,263.09105283262306 ,305.6972586362041
3.0 ,-13.532790881240306 ,43.46273861365371 ,69.98613261375961
20.0 ,-16.75211715679723 ,53.28890073344633 ,84.19604759238419
90.0 ,-11.398470804790733 ,46.58616256287458 ,72.1225276154792
28.0 ,-1.5988579688058076 ,52.3995212345095 ,72.44964139415757
Permutation Number 13
30.0 ,-222.83776072383742 ,263.09105283262306 ,305.6972586362041
3.0 ,-13.532790881240306 ,43.46273861365371 ,69.98613261375961
20.0 ,-16.75211715679723 ,53.28890073344633 ,84.19604759238419
28.0 ,-1.5988579688058076 ,52.3995212345095 ,72.44964139415757
90.0 ,-11.398470804790733 ,46.58616256287458 ,72.1225276154792
Permutation Number 14
30.0 ,-222.83776072383742 ,263.09105283262306 ,305.6972586362041
3.0 ,-13.532790881240306 ,43.46273861365371 ,69.98613261375961
90.0 ,-11.398470804790733 ,46.58616256287458 ,72.1225276154792
20.0 ,-16.75211715679723 ,53.28890073344633 ,84.19604759238419
28.0 ,-1.5988579688058076 ,52.3995212345095 ,72.44964139415757
Permutation Number 15
30.0 ,-222.83776072383742 ,263.09105283262306 ,305.6972586362041
3.0 ,-13.532790881240306 ,43.46273861365371 ,69.98613261375961
90.0 ,-11.398470804790733 ,46.58616256287458 ,72.1225276154792
28.0 ,-1.5988579688058076 ,52.3995212345095 ,72.44964139415757
20.0 ,-16.75211715679723 ,53.28890073344633 ,84.19604759238419
Permutation Number 16
30.0 ,-222.83776072383742 ,263.09105283262306 ,305.6972586362041
3.0 ,-13.532790881240306 ,43.46273861365371 ,69.98613261375961
28.0 ,-1.5988579688058076 ,52.3995212345095 ,72.44964139415757
20.0 ,-16.75211715679723 ,53.28890073344633 ,84.19604759238419
90.0 ,-11.398470804790733 ,46.58616256287458 ,72.1225276154792
Permutation Number 17
30.0 ,-222.83776072383742 ,263.09105283262306 ,305.6972586362041
3.0 ,-13.532790881240306 ,43.46273861365371 ,69.98613261375961
28.0 ,-1.5988579688058076 ,52.3995212345095 ,72.44964139415757
90.0 ,-11.398470804790733 ,46.58616256287458 ,72.1225276154792
20.0 ,-16.75211715679723 ,53.28890073344633 ,84.19604759238419
Permutation Number 18
30.0 ,-222.83776072383742 ,263.09105283262306 ,305.6972586362041
28.0 ,-1.5988579688058076 ,52.3995212345095 ,72.44964139415757
20.0 ,-16.75211715679723 ,53.28890073344633 ,84.19604759238419
90.0 ,-11.398470804790733 ,46.58616256287458 ,72.1225276154792
3.0 ,-13.532790881240306 ,43.46273861365371 ,69.98613261375961
Permutation Number 19
30.0 ,-222.83776072383742 ,263.09105283262306 ,305.6972586362041
28.0 ,-1.5988579688058076 ,52.3995212345095 ,72.44964139415757
20.0 ,-16.75211715679723 ,53.28890073344633 ,84.19604759238419
3.0 ,-13.532790881240306 ,43.46273861365371 ,69.98613261375961
90.0 ,-11.398470804790733 ,46.58616256287458 ,72.1225276154792
Permutation Number 20
30.0 ,-222.83776072383742 ,263.09105283262306 ,305.6972586362041
28.0 ,-1.5988579688058076 ,52.3995212345095 ,72.44964139415757
90.0 ,-11.398470804790733 ,46.58616256287458 ,72.1225276154792
20.0 ,-16.75211715679723 ,53.28890073344633 ,84.19604759238419
3.0 ,-13.532790881240306 ,43.46273861365371 ,69.98613261375961
Permutation Number 21
30.0 ,-222.83776072383742 ,263.09105283262306 ,305.6972586362041
28.0 ,-1.5988579688058076 ,52.3995212345095 ,72.44964139415757
90.0 ,-11.398470804790733 ,46.58616256287458 ,72.1225276154792
3.0 ,-13.532790881240306 ,43.46273861365371 ,69.98613261375961
20.0 ,-16.75211715679723 ,53.28890073344633 ,84.19604759238419
Permutation Number 22
30.0 ,-222.83776072383742 ,263.09105283262306 ,305.6972586362041
28.0 ,-1.5988579688058076 ,52.3995212345095 ,72.44964139415757
3.0 ,-13.532790881240306 ,43.46273861365371 ,69.98613261375961
20.0 ,-16.75211715679723 ,53.28890073344633 ,84.19604759238419
90.0 ,-11.398470804790733 ,46.58616256287458 ,72.1225276154792
Permutation Number 23
30.0 ,-222.83776072383742 ,263.09105283262306 ,305.6972586362041
28.0 ,-1.5988579688058076 ,52.3995212345095 ,72.44964139415757
3.0 ,-13.532790881240306 ,43.46273861365371 ,69.98613261375961
90.0 ,-11.398470804790733 ,46.58616256287458 ,72.1225276154792
20.0 ,-16.75211715679723 ,53.28890073344633 ,84.19604759238419
Permutation Number 24
20.0 ,-16.75211715679723 ,53.28890073344633 ,84.19604759238419
30.0 ,-222.83776072383742 ,263.09105283262306 ,305.6972586362041
90.0 ,-11.398470804790733 ,46.58616256287458 ,72.1225276154792
3.0 ,-13.532790881240306 ,43.46273861365371 ,69.98613261375961
28.0 ,-1.5988579688058076 ,52.3995212345095 ,72.44964139415757
Permutation Number 25
20.0 ,-16.75211715679723 ,53.28890073344633 ,84.19604759238419
30.0 ,-222.83776072383742 ,263.09105283262306 ,305.6972586362041
90.0 ,-11.398470804790733 ,46.58616256287458 ,72.1225276154792
28.0 ,-1.5988579688058076 ,52.3995212345095 ,72.44964139415757
3.0 ,-13.532790881240306 ,43.46273861365371 ,69.98613261375961
Permutation Number 26
20.0 ,-16.75211715679723 ,53.28890073344633 ,84.19604759238419
30.0 ,-222.83776072383742 ,263.09105283262306 ,305.6972586362041
3.0 ,-13.532790881240306 ,43.46273861365371 ,69.98613261375961
90.0 ,-11.398470804790733 ,46.58616256287458 ,72.1225276154792
28.0 ,-1.5988579688058076 ,52.3995212345095 ,72.44964139415757
Permutation Number 27
20.0 ,-16.75211715679723 ,53.28890073344633 ,84.19604759238419
30.0 ,-222.83776072383742 ,263.09105283262306 ,305.6972586362041
3.0 ,-13.532790881240306 ,43.46273861365371 ,69.98613261375961
28.0 ,-1.5988579688058076 ,52.3995212345095 ,72.44964139415757
90.0 ,-11.398470804790733 ,46.58616256287458 ,72.1225276154792
Permutation Number 28
20.0 ,-16.75211715679723 ,53.28890073344633 ,84.19604759238419
30.0 ,-222.83776072383742 ,263.09105283262306 ,305.6972586362041
28.0 ,-1.5988579688058076 ,52.3995212345095 ,72.44964139415757
90.0 ,-11.398470804790733 ,46.58616256287458 ,72.1225276154792
3.0 ,-13.532790881240306 ,43.46273861365371 ,69.98613261375961
Permutation Number 29
20.0 ,-16.75211715679723 ,53.28890073344633 ,84.19604759238419
30.0 ,-222.83776072383742 ,263.09105283262306 ,305.6972586362041
28.0 ,-1.5988579688058076 ,52.3995212345095 ,72.44964139415757
3.0 ,-13.532790881240306 ,43.46273861365371 ,69.98613261375961
90.0 ,-11.398470804790733 ,46.58616256287458 ,72.1225276154792
Permutation Number 30
20.0 ,-16.75211715679723 ,53.28890073344633 ,84.19604759238419
90.0 ,-11.398470804790733 ,46.58616256287458 ,72.1225276154792
30.0 ,-222.83776072383742 ,263.09105283262306 ,305.6972586362041
3.0 ,-13.532790881240306 ,43.46273861365371 ,69.98613261375961
28.0 ,-1.5988579688058076 ,52.3995212345095 ,72.44964139415757
Permutation Number 31
20.0 ,-16.75211715679723 ,53.28890073344633 ,84.19604759238419
90.0 ,-11.398470804790733 ,46.58616256287458 ,72.1225276154792
30.0 ,-222.83776072383742 ,263.09105283262306 ,305.6972586362041
28.0 ,-1.5988579688058076 ,52.3995212345095 ,72.44964139415757
3.0 ,-13.532790881240306 ,43.46273861365371 ,69.98613261375961
Permutation Number 32
20.0 ,-16.75211715679723 ,53.28890073344633 ,84.19604759238419
90.0 ,-11.398470804790733 ,46.58616256287458 ,72.1225276154792
3.0 ,-13.532790881240306 ,43.46273861365371 ,69.98613261375961
30.0 ,-222.83776072383742 ,263.09105283262306 ,305.6972586362041
28.0 ,-1.5988579688058076 ,52.3995212345095 ,72.44964139415757
Permutation Number 33
20.0 ,-16.75211715679723 ,53.28890073344633 ,84.19604759238419
90.0 ,-11.398470804790733 ,46.58616256287458 ,72.1225276154792
3.0 ,-13.532790881240306 ,43.46273861365371 ,69.98613261375961
28.0 ,-1.5988579688058076 ,52.3995212345095 ,72.44964139415757
30.0 ,-222.83776072383742 ,263.09105283262306 ,305.6972586362041
Permutation Number 34
20.0 ,-16.75211715679723 ,53.28890073344633 ,84.19604759238419
90.0 ,-11.398470804790733 ,46.58616256287458 ,72.1225276154792
28.0 ,-1.5988579688058076 ,52.3995212345095 ,72.44964139415757
30.0 ,-222.83776072383742 ,263.09105283262306 ,305.6972586362041
3.0 ,-13.532790881240306 ,43.46273861365371 ,69.98613261375961
Permutation Number 35
20.0 ,-16.75211715679723 ,53.28890073344633 ,84.19604759238419
90.0 ,-11.398470804790733 ,46.58616256287458 ,72.1225276154792
28.0 ,-1.5988579688058076 ,52.3995212345095 ,72.44964139415757
3.0 ,-13.532790881240306 ,43.46273861365371 ,69.98613261375961
30.0 ,-222.83776072383742 ,263.09105283262306 ,305.6972586362041
Permutation Number 36
20.0 ,-16.75211715679723 ,53.28890073344633 ,84.19604759238419
3.0 ,-13.532790881240306 ,43.46273861365371 ,69.98613261375961
30.0 ,-222.83776072383742 ,263.09105283262306 ,305.6972586362041
90.0 ,-11.398470804790733 ,46.58616256287458 ,72.1225276154792
28.0 ,-1.5988579688058076 ,52.3995212345095 ,72.44964139415757
Permutation Number 37
20.0 ,-16.75211715679723 ,53.28890073344633 ,84.19604759238419
3.0 ,-13.532790881240306 ,43.46273861365371 ,69.98613261375961
30.0 ,-222.83776072383742 ,263.09105283262306 ,305.6972586362041
28.0 ,-1.5988579688058076 ,52.3995212345095 ,72.44964139415757
90.0 ,-11.398470804790733 ,46.58616256287458 ,72.1225276154792
Permutation Number 38
20.0 ,-16.75211715679723 ,53.28890073344633 ,84.19604759238419
3.0 ,-13.532790881240306 ,43.46273861365371 ,69.98613261375961
90.0 ,-11.398470804790733 ,46.58616256287458 ,72.1225276154792
30.0 ,-222.83776072383742 ,263.09105283262306 ,305.6972586362041
28.0 ,-1.5988579688058076 ,52.3995212345095 ,72.44964139415757
Permutation Number 39
20.0 ,-16.75211715679723 ,53.28890073344633 ,84.19604759238419
3.0 ,-13.532790881240306 ,43.46273861365371 ,69.98613261375961
90.0 ,-11.398470804790733 ,46.58616256287458 ,72.1225276154792
28.0 ,-1.5988579688058076 ,52.3995212345095 ,72.44964139415757
30.0 ,-222.83776072383742 ,263.09105283262306 ,305.6972586362041
Permutation Number 40
20.0 ,-16.75211715679723 ,53.28890073344633 ,84.19604759238419
3.0 ,-13.532790881240306 ,43.46273861365371 ,69.98613261375961
28.0 ,-1.5988579688058076 ,52.3995212345095 ,72.44964139415757
30.0 ,-222.83776072383742 ,263.09105283262306 ,305.6972586362041
90.0 ,-11.398470804790733 ,46.58616256287458 ,72.1225276154792
Permutation Number 41
20.0 ,-16.75211715679723 ,53.28890073344633 ,84.19604759238419
3.0 ,-13.532790881240306 ,43.46273861365371 ,69.98613261375961
28.0 ,-1.5988579688058076 ,52.3995212345095 ,72.44964139415757
90.0 ,-11.398470804790733 ,46.58616256287458 ,72.1225276154792
30.0 ,-222.83776072383742 ,263.09105283262306 ,305.6972586362041
Permutation Number 42
20.0 ,-16.75211715679723 ,53.28890073344633 ,84.19604759238419
28.0 ,-1.5988579688058076 ,52.3995212345095 ,72.44964139415757
30.0 ,-222.83776072383742 ,263.09105283262306 ,305.6972586362041
90.0 ,-11.398470804790733 ,46.58616256287458 ,72.1225276154792
3.0 ,-13.532790881240306 ,43.46273861365371 ,69.98613261375961
Permutation Number 43
20.0 ,-16.75211715679723 ,53.28890073344633 ,84.19604759238419
28.0 ,-1.5988579688058076 ,52.3995212345095 ,72.44964139415757
30.0 ,-222.83776072383742 ,263.09105283262306 ,305.6972586362041
3.0 ,-13.532790881240306 ,43.46273861365371 ,69.98613261375961
90.0 ,-11.398470804790733 ,46.58616256287458 ,72.1225276154792
Permutation Number 44
20.0 ,-16.75211715679723 ,53.28890073344633 ,84.19604759238419
28.0 ,-1.5988579688058076 ,52.3995212345095 ,72.44964139415757
90.0 ,-11.398470804790733 ,46.58616256287458 ,72.1225276154792
30.0 ,-222.83776072383742 ,263.09105283262306 ,305.6972586362041
3.0 ,-13.532790881240306 ,43.46273861365371 ,69.98613261375961
Permutation Number 45
20.0 ,-16.75211715679723 ,53.28890073344633 ,84.19604759238419
28.0 ,-1.5988579688058076 ,52.3995212345095 ,72.44964139415757
90.0 ,-11.398470804790733 ,46.58616256287458 ,72.1225276154792
3.0 ,-13.532790881240306 ,43.46273861365371 ,69.98613261375961
30.0 ,-222.83776072383742 ,263.09105283262306 ,305.6972586362041
Permutation Number 46
20.0 ,-16.75211715679723 ,53.28890073344633 ,84.19604759238419
28.0 ,-1.5988579688058076 ,52.3995212345095 ,72.44964139415757
3.0 ,-13.532790881240306 ,43.46273861365371 ,69.98613261375961
30.0 ,-222.83776072383742 ,263.09105283262306 ,305.6972586362041
90.0 ,-11.398470804790733 ,46.58616256287458 ,72.1225276154792
Permutation Number 47
20.0 ,-16.75211715679723 ,53.28890073344633 ,84.19604759238419
28.0 ,-1.5988579688058076 ,52.3995212345095 ,72.44964139415757
3.0 ,-13.532790881240306 ,43.46273861365371 ,69.98613261375961
90.0 ,-11.398470804790733 ,46.58616256287458 ,72.1225276154792
30.0 ,-222.83776072383742 ,263.09105283262306 ,305.6972586362041
Permutation Number 48
90.0 ,-11.398470804790733 ,46.58616256287458 ,72.1225276154792
30.0 ,-222.83776072383742 ,263.09105283262306 ,305.6972586362041
20.0 ,-16.75211715679723 ,53.28890073344633 ,84.19604759238419
3.0 ,-13.532790881240306 ,43.46273861365371 ,69.98613261375961
28.0 ,-1.5988579688058076 ,52.3995212345095 ,72.44964139415757
Permutation Number 49
90.0 ,-11.398470804790733 ,46.58616256287458 ,72.1225276154792
30.0 ,-222.83776072383742 ,263.09105283262306 ,305.6972586362041
20.0 ,-16.75211715679723 ,53.28890073344633 ,84.19604759238419
28.0 ,-1.5988579688058076 ,52.3995212345095 ,72.44964139415757
3.0 ,-13.532790881240306 ,43.46273861365371 ,69.98613261375961
Permutation Number 50
90.0 ,-11.398470804790733 ,46.58616256287458 ,72.1225276154792
30.0 ,-222.83776072383742 ,263.09105283262306 ,305.6972586362041
3.0 ,-13.532790881240306 ,43.46273861365371 ,69.98613261375961
20.0 ,-16.75211715679723 ,53.28890073344633 ,84.19604759238419
28.0 ,-1.5988579688058076 ,52.3995212345095 ,72.44964139415757
Permutation Number 51
90.0 ,-11.398470804790733 ,46.58616256287458 ,72.1225276154792
30.0 ,-222.83776072383742 ,263.09105283262306 ,305.6972586362041
3.0 ,-13.532790881240306 ,43.46273861365371 ,69.98613261375961
28.0 ,-1.5988579688058076 ,52.3995212345095 ,72.44964139415757
20.0 ,-16.75211715679723 ,53.28890073344633 ,84.19604759238419
Permutation Number 52
90.0 ,-11.398470804790733 ,46.58616256287458 ,72.1225276154792
30.0 ,-222.83776072383742 ,263.09105283262306 ,305.6972586362041
28.0 ,-1.5988579688058076 ,52.3995212345095 ,72.44964139415757
20.0 ,-16.75211715679723 ,53.28890073344633 ,84.19604759238419
3.0 ,-13.532790881240306 ,43.46273861365371 ,69.98613261375961
Permutation Number 53
90.0 ,-11.398470804790733 ,46.58616256287458 ,72.1225276154792
30.0 ,-222.83776072383742 ,263.09105283262306 ,305.6972586362041
28.0 ,-1.5988579688058076 ,52.3995212345095 ,72.44964139415757
3.0 ,-13.532790881240306 ,43.46273861365371 ,69.98613261375961
20.0 ,-16.75211715679723 ,53.28890073344633 ,84.19604759238419
Permutation Number 54
90.0 ,-11.398470804790733 ,46.58616256287458 ,72.1225276154792
20.0 ,-16.75211715679723 ,53.28890073344633 ,84.19604759238419
30.0 ,-222.83776072383742 ,263.09105283262306 ,305.6972586362041
3.0 ,-13.532790881240306 ,43.46273861365371 ,69.98613261375961
28.0 ,-1.5988579688058076 ,52.3995212345095 ,72.44964139415757
Permutation Number 55
90.0 ,-11.398470804790733 ,46.58616256287458 ,72.1225276154792
20.0 ,-16.75211715679723 ,53.28890073344633 ,84.19604759238419
30.0 ,-222.83776072383742 ,263.09105283262306 ,305.6972586362041
28.0 ,-1.5988579688058076 ,52.3995212345095 ,72.44964139415757
3.0 ,-13.532790881240306 ,43.46273861365371 ,69.98613261375961
Permutation Number 56
90.0 ,-11.398470804790733 ,46.58616256287458 ,72.1225276154792
20.0 ,-16.75211715679723 ,53.28890073344633 ,84.19604759238419
3.0 ,-13.532790881240306 ,43.46273861365371 ,69.98613261375961
30.0 ,-222.83776072383742 ,263.09105283262306 ,305.6972586362041
28.0 ,-1.5988579688058076 ,52.3995212345095 ,72.44964139415757
Permutation Number 57
90.0 ,-11.398470804790733 ,46.58616256287458 ,72.1225276154792
20.0 ,-16.75211715679723 ,53.28890073344633 ,84.19604759238419
3.0 ,-13.532790881240306 ,43.46273861365371 ,69.98613261375961
28.0 ,-1.5988579688058076 ,52.3995212345095 ,72.44964139415757
30.0 ,-222.83776072383742 ,263.09105283262306 ,305.6972586362041
Permutation Number 58
90.0 ,-11.398470804790733 ,46.58616256287458 ,72.1225276154792
20.0 ,-16.75211715679723 ,53.28890073344633 ,84.19604759238419
28.0 ,-1.5988579688058076 ,52.3995212345095 ,72.44964139415757
30.0 ,-222.83776072383742 ,263.09105283262306 ,305.6972586362041
3.0 ,-13.532790881240306 ,43.46273861365371 ,69.98613261375961
Permutation Number 59
90.0 ,-11.398470804790733 ,46.58616256287458 ,72.1225276154792
20.0 ,-16.75211715679723 ,53.28890073344633 ,84.19604759238419
28.0 ,-1.5988579688058076 ,52.3995212345095 ,72.44964139415757
3.0 ,-13.532790881240306 ,43.46273861365371 ,69.98613261375961
30.0 ,-222.83776072383742 ,263.09105283262306 ,305.6972586362041
Permutation Number 60
90.0 ,-11.398470804790733 ,46.58616256287458 ,72.1225276154792
3.0 ,-13.532790881240306 ,43.46273861365371 ,69.98613261375961
30.0 ,-222.83776072383742 ,263.09105283262306 ,305.6972586362041
20.0 ,-16.75211715679723 ,53.28890073344633 ,84.19604759238419
28.0 ,-1.5988579688058076 ,52.3995212345095 ,72.44964139415757
Permutation Number 61
90.0 ,-11.398470804790733 ,46.58616256287458 ,72.1225276154792
3.0 ,-13.532790881240306 ,43.46273861365371 ,69.98613261375961
30.0 ,-222.83776072383742 ,263.09105283262306 ,305.6972586362041
28.0 ,-1.5988579688058076 ,52.3995212345095 ,72.44964139415757
20.0 ,-16.75211715679723 ,53.28890073344633 ,84.19604759238419
Permutation Number 62
90.0 ,-11.398470804790733 ,46.58616256287458 ,72.1225276154792
3.0 ,-13.532790881240306 ,43.46273861365371 ,69.98613261375961
20.0 ,-16.75211715679723 ,53.28890073344633 ,84.19604759238419
30.0 ,-222.83776072383742 ,263.09105283262306 ,305.6972586362041
28.0 ,-1.5988579688058076 ,52.3995212345095 ,72.44964139415757
Permutation Number 63
90.0 ,-11.398470804790733 ,46.58616256287458 ,72.1225276154792
3.0 ,-13.532790881240306 ,43.46273861365371 ,69.98613261375961
20.0 ,-16.75211715679723 ,53.28890073344633 ,84.19604759238419
28.0 ,-1.5988579688058076 ,52.3995212345095 ,72.44964139415757
30.0 ,-222.83776072383742 ,263.09105283262306 ,305.6972586362041
Permutation Number 64
90.0 ,-11.398470804790733 ,46.58616256287458 ,72.1225276154792
3.0 ,-13.532790881240306 ,43.46273861365371 ,69.98613261375961
28.0 ,-1.5988579688058076 ,52.3995212345095 ,72.44964139415757
30.0 ,-222.83776072383742 ,263.09105283262306 ,305.6972586362041
20.0 ,-16.75211715679723 ,53.28890073344633 ,84.19604759238419
Permutation Number 65
90.0 ,-11.398470804790733 ,46.58616256287458 ,72.1225276154792
3.0 ,-13.532790881240306 ,43.46273861365371 ,69.98613261375961
28.0 ,-1.5988579688058076 ,52.3995212345095 ,72.44964139415757
20.0 ,-16.75211715679723 ,53.28890073344633 ,84.19604759238419
30.0 ,-222.83776072383742 ,263.09105283262306 ,305.6972586362041
Permutation Number 66
90.0 ,-11.398470804790733 ,46.58616256287458 ,72.1225276154792
28.0 ,-1.5988579688058076 ,52.3995212345095 ,72.44964139415757
30.0 ,-222.83776072383742 ,263.09105283262306 ,305.6972586362041
20.0 ,-16.75211715679723 ,53.28890073344633 ,84.19604759238419
3.0 ,-13.532790881240306 ,43.46273861365371 ,69.98613261375961
Permutation Number 67
90.0 ,-11.398470804790733 ,46.58616256287458 ,72.1225276154792
28.0 ,-1.5988579688058076 ,52.3995212345095 ,72.44964139415757
30.0 ,-222.83776072383742 ,263.09105283262306 ,305.6972586362041
3.0 ,-13.532790881240306 ,43.46273861365371 ,69.98613261375961
20.0 ,-16.75211715679723 ,53.28890073344633 ,84.19604759238419
Permutation Number 68
90.0 ,-11.398470804790733 ,46.58616256287458 ,72.1225276154792
28.0 ,-1.5988579688058076 ,52.3995212345095 ,72.44964139415757
20.0 ,-16.75211715679723 ,53.28890073344633 ,84.19604759238419
30.0 ,-222.83776072383742 ,263.09105283262306 ,305.6972586362041
3.0 ,-13.532790881240306 ,43.46273861365371 ,69.98613261375961
Permutation Number 69
90.0 ,-11.398470804790733 ,46.58616256287458 ,72.1225276154792
28.0 ,-1.5988579688058076 ,52.3995212345095 ,72.44964139415757
20.0 ,-16.75211715679723 ,53.28890073344633 ,84.19604759238419
3.0 ,-13.532790881240306 ,43.46273861365371 ,69.98613261375961
30.0 ,-222.83776072383742 ,263.09105283262306 ,305.6972586362041
Permutation Number 70
90.0 ,-11.398470804790733 ,46.58616256287458 ,72.1225276154792
28.0 ,-1.5988579688058076 ,52.3995212345095 ,72.44964139415757
3.0 ,-13.532790881240306 ,43.46273861365371 ,69.98613261375961
30.0 ,-222.83776072383742 ,263.09105283262306 ,305.6972586362041
20.0 ,-16.75211715679723 ,53.28890073344633 ,84.19604759238419
Permutation Number 71
90.0 ,-11.398470804790733 ,46.58616256287458 ,72.1225276154792
28.0 ,-1.5988579688058076 ,52.3995212345095 ,72.44964139415757
3.0 ,-13.532790881240306 ,43.46273861365371 ,69.98613261375961
20.0 ,-16.75211715679723 ,53.28890073344633 ,84.19604759238419
30.0 ,-222.83776072383742 ,263.09105283262306 ,305.6972586362041
Permutation Number 72
3.0 ,-13.532790881240306 ,43.46273861365371 ,69.98613261375961
30.0 ,-222.83776072383742 ,263.09105283262306 ,305.6972586362041
20.0 ,-16.75211715679723 ,53.28890073344633 ,84.19604759238419
90.0 ,-11.398470804790733 ,46.58616256287458 ,72.1225276154792
28.0 ,-1.5988579688058076 ,52.3995212345095 ,72.44964139415757
Permutation Number 73
3.0 ,-13.532790881240306 ,43.46273861365371 ,69.98613261375961
30.0 ,-222.83776072383742 ,263.09105283262306 ,305.6972586362041
20.0 ,-16.75211715679723 ,53.28890073344633 ,84.19604759238419
28.0 ,-1.5988579688058076 ,52.3995212345095 ,72.44964139415757
90.0 ,-11.398470804790733 ,46.58616256287458 ,72.1225276154792
Permutation Number 74
3.0 ,-13.532790881240306 ,43.46273861365371 ,69.98613261375961
30.0 ,-222.83776072383742 ,263.09105283262306 ,305.6972586362041
90.0 ,-11.398470804790733 ,46.58616256287458 ,72.1225276154792
20.0 ,-16.75211715679723 ,53.28890073344633 ,84.19604759238419
28.0 ,-1.5988579688058076 ,52.3995212345095 ,72.44964139415757
Permutation Number 75
3.0 ,-13.532790881240306 ,43.46273861365371 ,69.98613261375961
30.0 ,-222.83776072383742 ,263.09105283262306 ,305.6972586362041
90.0 ,-11.398470804790733 ,46.58616256287458 ,72.1225276154792
28.0 ,-1.5988579688058076 ,52.3995212345095 ,72.44964139415757
20.0 ,-16.75211715679723 ,53.28890073344633 ,84.19604759238419
Permutation Number 76
3.0 ,-13.532790881240306 ,43.46273861365371 ,69.98613261375961
30.0 ,-222.83776072383742 ,263.09105283262306 ,305.6972586362041
28.0 ,-1.5988579688058076 ,52.3995212345095 ,72.44964139415757
20.0 ,-16.75211715679723 ,53.28890073344633 ,84.19604759238419
90.0 ,-11.398470804790733 ,46.58616256287458 ,72.1225276154792
Permutation Number 77
3.0 ,-13.532790881240306 ,43.46273861365371 ,69.98613261375961
30.0 ,-222.83776072383742 ,263.09105283262306 ,305.6972586362041
28.0 ,-1.5988579688058076 ,52.3995212345095 ,72.44964139415757
90.0 ,-11.398470804790733 ,46.58616256287458 ,72.1225276154792
20.0 ,-16.75211715679723 ,53.28890073344633 ,84.19604759238419
Permutation Number 78
3.0 ,-13.532790881240306 ,43.46273861365371 ,69.98613261375961
20.0 ,-16.75211715679723 ,53.28890073344633 ,84.19604759238419
30.0 ,-222.83776072383742 ,263.09105283262306 ,305.6972586362041
90.0 ,-11.398470804790733 ,46.58616256287458 ,72.1225276154792
28.0 ,-1.5988579688058076 ,52.3995212345095 ,72.44964139415757
Permutation Number 79
3.0 ,-13.532790881240306 ,43.46273861365371 ,69.98613261375961
20.0 ,-16.75211715679723 ,53.28890073344633 ,84.19604759238419
30.0 ,-222.83776072383742 ,263.09105283262306 ,305.6972586362041
28.0 ,-1.5988579688058076 ,52.3995212345095 ,72.44964139415757
90.0 ,-11.398470804790733 ,46.58616256287458 ,72.1225276154792
Permutation Number 80
3.0 ,-13.532790881240306 ,43.46273861365371 ,69.98613261375961
20.0 ,-16.75211715679723 ,53.28890073344633 ,84.19604759238419
90.0 ,-11.398470804790733 ,46.58616256287458 ,72.1225276154792
30.0 ,-222.83776072383742 ,263.09105283262306 ,305.6972586362041
28.0 ,-1.5988579688058076 ,52.3995212345095 ,72.44964139415757
Permutation Number 81
3.0 ,-13.532790881240306 ,43.46273861365371 ,69.98613261375961
20.0 ,-16.75211715679723 ,53.28890073344633 ,84.19604759238419
90.0 ,-11.398470804790733 ,46.58616256287458 ,72.1225276154792
28.0 ,-1.5988579688058076 ,52.3995212345095 ,72.44964139415757
30.0 ,-222.83776072383742 ,263.09105283262306 ,305.6972586362041
Permutation Number 82
3.0 ,-13.532790881240306 ,43.46273861365371 ,69.98613261375961
20.0 ,-16.75211715679723 ,53.28890073344633 ,84.19604759238419
28.0 ,-1.5988579688058076 ,52.3995212345095 ,72.44964139415757
30.0 ,-222.83776072383742 ,263.09105283262306 ,305.6972586362041
90.0 ,-11.398470804790733 ,46.58616256287458 ,72.1225276154792
Permutation Number 83
3.0 ,-13.532790881240306 ,43.46273861365371 ,69.98613261375961
20.0 ,-16.75211715679723 ,53.28890073344633 ,84.19604759238419
28.0 ,-1.5988579688058076 ,52.3995212345095 ,72.44964139415757
90.0 ,-11.398470804790733 ,46.58616256287458 ,72.1225276154792
30.0 ,-222.83776072383742 ,263.09105283262306 ,305.6972586362041
Permutation Number 84
3.0 ,-13.532790881240306 ,43.46273861365371 ,69.98613261375961
90.0 ,-11.398470804790733 ,46.58616256287458 ,72.1225276154792
30.0 ,-222.83776072383742 ,263.09105283262306 ,305.6972586362041
20.0 ,-16.75211715679723 ,53.28890073344633 ,84.19604759238419
28.0 ,-1.5988579688058076 ,52.3995212345095 ,72.44964139415757
Permutation Number 85
3.0 ,-13.532790881240306 ,43.46273861365371 ,69.98613261375961
90.0 ,-11.398470804790733 ,46.58616256287458 ,72.1225276154792
30.0 ,-222.83776072383742 ,263.09105283262306 ,305.6972586362041
28.0 ,-1.5988579688058076 ,52.3995212345095 ,72.44964139415757
20.0 ,-16.75211715679723 ,53.28890073344633 ,84.19604759238419
Permutation Number 86
3.0 ,-13.532790881240306 ,43.46273861365371 ,69.98613261375961
90.0 ,-11.398470804790733 ,46.58616256287458 ,72.1225276154792
20.0 ,-16.75211715679723 ,53.28890073344633 ,84.19604759238419
30.0 ,-222.83776072383742 ,263.09105283262306 ,305.6972586362041
28.0 ,-1.5988579688058076 ,52.3995212345095 ,72.44964139415757
Permutation Number 87
3.0 ,-13.532790881240306 ,43.46273861365371 ,69.98613261375961
90.0 ,-11.398470804790733 ,46.58616256287458 ,72.1225276154792
20.0 ,-16.75211715679723 ,53.28890073344633 ,84.19604759238419
28.0 ,-1.5988579688058076 ,52.3995212345095 ,72.44964139415757
30.0 ,-222.83776072383742 ,263.09105283262306 ,305.6972586362041
Permutation Number 88
3.0 ,-13.532790881240306 ,43.46273861365371 ,69.98613261375961
90.0 ,-11.398470804790733 ,46.58616256287458 ,72.1225276154792
28.0 ,-1.5988579688058076 ,52.3995212345095 ,72.44964139415757
30.0 ,-222.83776072383742 ,263.09105283262306 ,305.6972586362041
20.0 ,-16.75211715679723 ,53.28890073344633 ,84.19604759238419
Permutation Number 89
3.0 ,-13.532790881240306 ,43.46273861365371 ,69.98613261375961
90.0 ,-11.398470804790733 ,46.58616256287458 ,72.1225276154792
28.0 ,-1.5988579688058076 ,52.3995212345095 ,72.44964139415757
20.0 ,-16.75211715679723 ,53.28890073344633 ,84.19604759238419
30.0 ,-222.83776072383742 ,263.09105283262306 ,305.6972586362041
Permutation Number 90
3.0 ,-13.532790881240306 ,43.46273861365371 ,69.98613261375961
28.0 ,-1.5988579688058076 ,52.3995212345095 ,72.44964139415757
30.0 ,-222.83776072383742 ,263.09105283262306 ,305.6972586362041
20.0 ,-16.75211715679723 ,53.28890073344633 ,84.19604759238419
90.0 ,-11.398470804790733 ,46.58616256287458 ,72.1225276154792
Permutation Number 91
3.0 ,-13.532790881240306 ,43.46273861365371 ,69.98613261375961
28.0 ,-1.5988579688058076 ,52.3995212345095 ,72.44964139415757
30.0 ,-222.83776072383742 ,263.09105283262306 ,305.6972586362041
90.0 ,-11.398470804790733 ,46.58616256287458 ,72.1225276154792
20.0 ,-16.75211715679723 ,53.28890073344633 ,84.19604759238419
Permutation Number 92
3.0 ,-13.532790881240306 ,43.46273861365371 ,69.98613261375961
28.0 ,-1.5988579688058076 ,52.3995212345095 ,72.44964139415757
20.0 ,-16.75211715679723 ,53.28890073344633 ,84.19604759238419
30.0 ,-222.83776072383742 ,263.09105283262306 ,305.6972586362041
90.0 ,-11.398470804790733 ,46.58616256287458 ,72.1225276154792
Permutation Number 93
3.0 ,-13.532790881240306 ,43.46273861365371 ,69.98613261375961
28.0 ,-1.5988579688058076 ,52.3995212345095 ,72.44964139415757
20.0 ,-16.75211715679723 ,53.28890073344633 ,84.19604759238419
90.0 ,-11.398470804790733 ,46.58616256287458 ,72.1225276154792
30.0 ,-222.83776072383742 ,263.09105283262306 ,305.6972586362041
Permutation Number 94
3.0 ,-13.532790881240306 ,43.46273861365371 ,69.98613261375961
28.0 ,-1.5988579688058076 ,52.3995212345095 ,72.44964139415757
90.0 ,-11.398470804790733 ,46.58616256287458 ,72.1225276154792
30.0 ,-222.83776072383742 ,263.09105283262306 ,305.6972586362041
20.0 ,-16.75211715679723 ,53.28890073344633 ,84.19604759238419
Permutation Number 95
3.0 ,-13.532790881240306 ,43.46273861365371 ,69.98613261375961
28.0 ,-1.5988579688058076 ,52.3995212345095 ,72.44964139415757
90.0 ,-11.398470804790733 ,46.58616256287458 ,72.1225276154792
20.0 ,-16.75211715679723 ,53.28890073344633 ,84.19604759238419
30.0 ,-222.83776072383742 ,263.09105283262306 ,305.6972586362041
Permutation Number 96
28.0 ,-1.5988579688058076 ,52.3995212345095 ,72.44964139415757
30.0 ,-222.83776072383742 ,263.09105283262306 ,305.6972586362041
20.0 ,-16.75211715679723 ,53.28890073344633 ,84.19604759238419
90.0 ,-11.398470804790733 ,46.58616256287458 ,72.1225276154792
3.0 ,-13.532790881240306 ,43.46273861365371 ,69.98613261375961
Permutation Number 97
28.0 ,-1.5988579688058076 ,52.3995212345095 ,72.44964139415757
30.0 ,-222.83776072383742 ,263.09105283262306 ,305.6972586362041
20.0 ,-16.75211715679723 ,53.28890073344633 ,84.19604759238419
3.0 ,-13.532790881240306 ,43.46273861365371 ,69.98613261375961
90.0 ,-11.398470804790733 ,46.58616256287458 ,72.1225276154792
Permutation Number 98
28.0 ,-1.5988579688058076 ,52.3995212345095 ,72.44964139415757
30.0 ,-222.83776072383742 ,263.09105283262306 ,305.6972586362041
90.0 ,-11.398470804790733 ,46.58616256287458 ,72.1225276154792
20.0 ,-16.75211715679723 ,53.28890073344633 ,84.19604759238419
3.0 ,-13.532790881240306 ,43.46273861365371 ,69.98613261375961
Permutation Number 99
28.0 ,-1.5988579688058076 ,52.3995212345095 ,72.44964139415757
30.0 ,-222.83776072383742 ,263.09105283262306 ,305.6972586362041
90.0 ,-11.398470804790733 ,46.58616256287458 ,72.1225276154792
3.0 ,-13.532790881240306 ,43.46273861365371 ,69.98613261375961
20.0 ,-16.75211715679723 ,53.28890073344633 ,84.19604759238419
Permutation Number 100
28.0 ,-1.5988579688058076 ,52.3995212345095 ,72.44964139415757
30.0 ,-222.83776072383742 ,263.09105283262306 ,305.6972586362041
3.0 ,-13.532790881240306 ,43.46273861365371 ,69.98613261375961
20.0 ,-16.75211715679723 ,53.28890073344633 ,84.19604759238419
90.0 ,-11.398470804790733 ,46.58616256287458 ,72.1225276154792
Permutation Number 101
28.0 ,-1.5988579688058076 ,52.3995212345095 ,72.44964139415757
30.0 ,-222.83776072383742 ,263.09105283262306 ,305.6972586362041
3.0 ,-13.532790881240306 ,43.46273861365371 ,69.98613261375961
90.0 ,-11.398470804790733 ,46.58616256287458 ,72.1225276154792
20.0 ,-16.75211715679723 ,53.28890073344633 ,84.19604759238419
Permutation Number 102
28.0 ,-1.5988579688058076 ,52.3995212345095 ,72.44964139415757
20.0 ,-16.75211715679723 ,53.28890073344633 ,84.19604759238419
30.0 ,-222.83776072383742 ,263.09105283262306 ,305.6972586362041
90.0 ,-11.398470804790733 ,46.58616256287458 ,72.1225276154792
3.0 ,-13.532790881240306 ,43.46273861365371 ,69.98613261375961
Permutation Number 103
28.0 ,-1.5988579688058076 ,52.3995212345095 ,72.44964139415757
20.0 ,-16.75211715679723 ,53.28890073344633 ,84.19604759238419
30.0 ,-222.83776072383742 ,263.09105283262306 ,305.6972586362041
3.0 ,-13.532790881240306 ,43.46273861365371 ,69.98613261375961
90.0 ,-11.398470804790733 ,46.58616256287458 ,72.1225276154792
Permutation Number 104
28.0 ,-1.5988579688058076 ,52.3995212345095 ,72.44964139415757
20.0 ,-16.75211715679723 ,53.28890073344633 ,84.19604759238419
90.0 ,-11.398470804790733 ,46.58616256287458 ,72.1225276154792
30.0 ,-222.83776072383742 ,263.09105283262306 ,305.6972586362041
3.0 ,-13.532790881240306 ,43.46273861365371 ,69.98613261375961
Permutation Number 105
28.0 ,-1.5988579688058076 ,52.3995212345095 ,72.44964139415757
20.0 ,-16.75211715679723 ,53.28890073344633 ,84.19604759238419
90.0 ,-11.398470804790733 ,46.58616256287458 ,72.1225276154792
3.0 ,-13.532790881240306 ,43.46273861365371 ,69.98613261375961
30.0 ,-222.83776072383742 ,263.09105283262306 ,305.6972586362041
Permutation Number 106
28.0 ,-1.5988579688058076 ,52.3995212345095 ,72.44964139415757
20.0 ,-16.75211715679723 ,53.28890073344633 ,84.19604759238419
3.0 ,-13.532790881240306 ,43.46273861365371 ,69.98613261375961
30.0 ,-222.83776072383742 ,263.09105283262306 ,305.6972586362041
90.0 ,-11.398470804790733 ,46.58616256287458 ,72.1225276154792
Permutation Number 107
28.0 ,-1.5988579688058076 ,52.3995212345095 ,72.44964139415757
20.0 ,-16.75211715679723 ,53.28890073344633 ,84.19604759238419
3.0 ,-13.532790881240306 ,43.46273861365371 ,69.98613261375961
90.0 ,-11.398470804790733 ,46.58616256287458 ,72.1225276154792
30.0 ,-222.83776072383742 ,263.09105283262306 ,305.6972586362041
Permutation Number 108
28.0 ,-1.5988579688058076 ,52.3995212345095 ,72.44964139415757
90.0 ,-11.398470804790733 ,46.58616256287458 ,72.1225276154792
30.0 ,-222.83776072383742 ,263.09105283262306 ,305.6972586362041
20.0 ,-16.75211715679723 ,53.28890073344633 ,84.19604759238419
3.0 ,-13.532790881240306 ,43.46273861365371 ,69.98613261375961
Permutation Number 109
28.0 ,-1.5988579688058076 ,52.3995212345095 ,72.44964139415757
90.0 ,-11.398470804790733 ,46.58616256287458 ,72.1225276154792
30.0 ,-222.83776072383742 ,263.09105283262306 ,305.6972586362041
3.0 ,-13.532790881240306 ,43.46273861365371 ,69.98613261375961
20.0 ,-16.75211715679723 ,53.28890073344633 ,84.19604759238419
Permutation Number 110
28.0 ,-1.5988579688058076 ,52.3995212345095 ,72.44964139415757
90.0 ,-11.398470804790733 ,46.58616256287458 ,72.1225276154792
20.0 ,-16.75211715679723 ,53.28890073344633 ,84.19604759238419
30.0 ,-222.83776072383742 ,263.09105283262306 ,305.6972586362041
3.0 ,-13.532790881240306 ,43.46273861365371 ,69.98613261375961
Permutation Number 111
28.0 ,-1.5988579688058076 ,52.3995212345095 ,72.44964139415757
90.0 ,-11.398470804790733 ,46.58616256287458 ,72.1225276154792
20.0 ,-16.75211715679723 ,53.28890073344633 ,84.19604759238419
3.0 ,-13.532790881240306 ,43.46273861365371 ,69.98613261375961
30.0 ,-222.83776072383742 ,263.09105283262306 ,305.6972586362041
Permutation Number 112
28.0 ,-1.5988579688058076 ,52.3995212345095 ,72.44964139415757
90.0 ,-11.398470804790733 ,46.58616256287458 ,72.1225276154792
3.0 ,-13.532790881240306 ,43.46273861365371 ,69.98613261375961
30.0 ,-222.83776072383742 ,263.09105283262306 ,305.6972586362041
20.0 ,-16.75211715679723 ,53.28890073344633 ,84.19604759238419
Permutation Number 113
28.0 ,-1.5988579688058076 ,52.3995212345095 ,72.44964139415757
90.0 ,-11.398470804790733 ,46.58616256287458 ,72.1225276154792
3.0 ,-13.532790881240306 ,43.46273861365371 ,69.98613261375961
20.0 ,-16.75211715679723 ,53.28890073344633 ,84.19604759238419
30.0 ,-222.83776072383742 ,263.09105283262306 ,305.6972586362041
Permutation Number 114
28.0 ,-1.5988579688058076 ,52.3995212345095 ,72.44964139415757
3.0 ,-13.532790881240306 ,43.46273861365371 ,69.98613261375961
30.0 ,-222.83776072383742 ,263.09105283262306 ,305.6972586362041
20.0 ,-16.75211715679723 ,53.28890073344633 ,84.19604759238419
90.0 ,-11.398470804790733 ,46.58616256287458 ,72.1225276154792
Permutation Number 115
28.0 ,-1.5988579688058076 ,52.3995212345095 ,72.44964139415757
3.0 ,-13.532790881240306 ,43.46273861365371 ,69.98613261375961
30.0 ,-222.83776072383742 ,263.09105283262306 ,305.6972586362041
90.0 ,-11.398470804790733 ,46.58616256287458 ,72.1225276154792
20.0 ,-16.75211715679723 ,53.28890073344633 ,84.19604759238419
Permutation Number 116
28.0 ,-1.5988579688058076 ,52.3995212345095 ,72.44964139415757
3.0 ,-13.532790881240306 ,43.46273861365371 ,69.98613261375961
20.0 ,-16.75211715679723 ,53.28890073344633 ,84.19604759238419
30.0 ,-222.83776072383742 ,263.09105283262306 ,305.6972586362041
90.0 ,-11.398470804790733 ,46.58616256287458 ,72.1225276154792
Permutation Number 117
28.0 ,-1.5988579688058076 ,52.3995212345095 ,72.44964139415757
3.0 ,-13.532790881240306 ,43.46273861365371 ,69.98613261375961
20.0 ,-16.75211715679723 ,53.28890073344633 ,84.19604759238419
90.0 ,-11.398470804790733 ,46.58616256287458 ,72.1225276154792
